Document Title,Topic 0 Weight,Topic 1 Weight,Topic 2 Weight,Topic 3 Weight,Topic 4 Weight,Topic 5 Weight,Topic 6 Weight,Topic 7 Weight,Topic 8 Weight,Topic 9 Weight,Topic 10 Weight,Topic 11 Weight,Topic 12 Weight,Topic 13 Weight,Topic 14 Weight
Voyant分析用最終版_0001,1.329787,21.808511,1.728723,3.856383,57.712764,1.329787,1.462766,1.329787,1.329787,1.329787,1.462766,1.329787,1.329787,1.329787,1.329787
Voyant分析用最終版_0002,3.067485,5.828221,3.067485,3.067485,37.730062,3.067485,3.067485,3.067485,3.98773,13.190185,3.067485,3.067485,8.588957,3.067485,3.067485
Voyant分析用最終版_0003,11.534604,36.50953,1.003009,17.75326,5.315948,1.003009,1.003009,4.613842,1.003009,10.431294,2.708124,3.30993,1.003009,1.705115,1.10331
Voyant分析用最終版_0004,2.325581,2.325581,2.325581,2.558139,2.325581,2.325581,2.325581,9.767442,59.76744,2.325581,2.325581,2.325581,2.325581,2.325581,2.325581
Voyant分析用最終版_0005,2.317881,1.655629,1.655629,6.622516,1.655629,1.821192,1.655629,8.774834,58.278143,1.821192,6.456953,1.655629,2.317881,1.655629,1.655629
Voyant分析用最終版_0006,4.484305,8.520179,15.695067,5.829597,12.107623,11.210762,5.381166,4.484305,4.484305,4.484305,4.484305,4.484305,4.484305,4.484305,5.381166
Voyant分析用最終版_0007,2.173913,2.391304,2.173913,8.260869,5.652174,2.173913,2.173913,2.173913,39.347827,2.173913,4.347826,2.173913,13.695653,8.695652,2.391304
Voyant分析用最終版_0008,2.066116,30.3719,2.066116,2.066116,2.892562,2.066116,2.066116,3.719008,2.066116,3.512397,2.066116,2.066116,2.066116,21.07438,19.83471
Voyant分析用最終版_0009,0.869565,35.913044,0.869565,0.869565,0.869565,0.869565,0.869565,0.869565,0.869565,0.869565,0.869565,0.869565,0.956522,47.304347,6.26087
Voyant分析用最終版_0010,0.869565,0.956522,0.869565,22.608696,8.782609,0.869565,19.391304,8.173913,16.086957,2.521739,0.869565,15.391305,0.869565,0.869565,0.869565
Voyant分析用最終版_0011,1.218162,28.57143,1.10742,15.282393,21.483943,1.10742,1.550388,1.10742,3.543743,7.751938,1.10742,12.846069,1.10742,1.10742,1.10742
Voyant分析用最終版_0012,4.255319,6.80851,4.255319,4.255319,5.957447,4.255319,4.255319,4.255319,9.361702,13.617021,11.489362,4.255319,11.914894,4.255319,6.80851
Voyant分析用最終版_0013,1.430615,1.430615,1.430615,2.432046,31.18741,1.430615,1.716738,28.755364,7.868383,5.150215,11.158799,1.430615,1.716738,1.430615,1.430615
Voyant分析用最終版_0014,2.881844,8.933718,2.881844,5.18732,44.668588,2.881844,2.881844,7.492796,2.881844,2.881844,2.881844,2.881844,4.034582,2.881844,3.746398
Voyant分析用最終版_0015,4.032258,4.032258,4.032258,4.032258,4.032258,4.032258,4.032258,18.548387,23.790322,5.241935,8.064516,4.032258,4.032258,4.032258,4.032258
Voyant分析用最終版_0016,3.636363,3.636363,3.636363,3.636363,3.636363,3.636363,3.636363,14.181818,13.818182,4.727273,24.363637,3.636363,3.636363,3.636363,6.545454
Voyant分析用最終版_0017,4.237288,4.237288,4.237288,4.661017,16.101696,4.237288,4.237288,13.983051,9.745763,11.864407,4.237288,4.237288,5.508475,4.237288,4.237288
Voyant分析用最終版_0018,7.478261,0.869565,3.391304,10.956522,0.869565,0.869565,0.869565,18.52174,22.608696,16.782609,5.826087,5.478261,0.869565,0.869565,3.73913
Voyant分析用最終版_0019,3.030303,3.030303,8.484849,10.30303,10.909091,3.030303,13.939394,3.030303,6.060606,9.090909,3.030303,16.969697,3.030303,3.030303,3.030303
Voyant分析用最終版_0020,2.590674,2.590674,6.476684,2.590674,2.590674,2.590674,2.590674,2.590674,19.430052,25.129533,2.590674,14.248705,8.80829,2.590674,2.590674
Voyant分析用最終版_0021,1.041667,1.041667,1.041667,1.041667,4.791667,1.041667,1.041667,37.604168,29.6875,15.729167,1.770833,1.041667,1.041667,1.041667,1.041667
Voyant分析用最終版_0022,3.508772,3.508772,7.368421,3.508772,7.719299,3.508772,8.77193,3.508772,13.68421,15.438597,3.508772,13.68421,5.263158,3.508772,3.508772
Voyant分析用最終版_0023,4.56621,4.56621,4.56621,4.56621,4.56621,4.56621,4.56621,4.56621,4.56621,15.981735,4.56621,4.56621,13.69863,4.56621,15.525115
Voyant分析用最終版_0024,3.472222,3.472222,3.472222,3.472222,26.38889,3.472222,3.472222,7.291666,15.625,10.069445,3.472222,3.472222,5.902778,3.472222,3.472222
Voyant分析用最終版_0025,3.690037,3.690037,3.690037,3.690037,3.690037,3.690037,3.690037,14.02214,3.690037,20.664206,3.690037,3.690037,3.690037,6.642067,18.081181
Voyant分析用最終版_0026,2.298851,2.298851,2.298851,2.298851,2.298851,2.298851,2.298851,5.287356,64.827585,2.298851,2.298851,2.298851,2.298851,2.298851,2.298851
Voyant分析用最終版_0027,3.802281,3.802281,3.802281,3.802281,11.026616,3.802281,3.802281,3.802281,11.406844,3.802281,3.802281,3.802281,31.939164,3.802281,3.802281
Voyant分析用最終版_0028,3.38983,3.38983,3.38983,3.38983,7.457627,3.38983,3.38983,26.440677,11.525424,14.915255,5.762712,3.38983,3.38983,3.38983,3.38983
Voyant分析用最終版_0029,4.291845,4.291845,4.291845,4.291845,14.592275,4.291845,4.291845,20.600858,12.875536,4.291845,4.291845,4.291845,4.291845,4.291845,4.72103
Voyant分析用最終版_0030,4.032258,4.032258,4.032258,4.032258,11.693548,4.032258,4.032258,20.564516,10.483871,9.274194,7.66129,4.032258,4.032258,4.032258,4.032258
Voyant分析用最終版_0031,1.146789,1.146789,1.146789,1.146789,7.454129,1.146789,1.146789,41.972476,21.100917,9.977064,7.224771,1.146789,1.146789,1.146789,1.949541
Voyant分析用最終版_0032,3.649635,3.649635,3.649635,3.649635,5.839416,4.014599,3.649635,25.182483,12.043796,12.773722,7.29927,3.649635,3.649635,3.649635,3.649635
Voyant分析用最終版_0033,0.869565,32.608697,0.869565,8.695652,35.913044,0.869565,0.869565,0.869565,7.73913,2.173913,0.869565,1.478261,1.73913,1.217391,3.217391
Voyant分析用最終版_0034,4.526749,4.526749,4.115227,6.584362,4.115227,4.115227,23.868313,4.115227,11.934157,4.115227,8.230453,6.584362,4.115227,4.938272,4.115227
Voyant分析用最終版_0035,3.717472,3.717472,3.717472,4.460967,3.717472,3.717472,3.717472,5.947955,5.576208,34.200743,11.152416,3.717472,5.204461,3.717472,3.717472
Voyant分析用最終版_0036,2.231237,2.028398,5.070994,2.028398,11.967546,2.028398,2.028398,7.099392,40.97363,2.028398,4.056795,2.028398,9.533469,2.028398,4.868154
Voyant分析用最終版_0037,3.205128,3.205128,3.205128,17.628205,4.48718,3.205128,3.525641,4.166667,3.205128,21.474358,3.205128,8.653846,3.205128,3.205128,14.423077
Voyant分析用最終版_0038,3.723404,1.329787,1.329787,10.904255,1.329787,1.329787,22.207446,5.18617,40.69149,1.329787,5.319149,1.329787,1.329787,1.329787,1.329787
Voyant分析用最終版_0039,3.424658,3.424658,3.424658,8.219178,26.369864,3.424658,3.424658,3.424658,3.424658,16.09589,3.424658,7.876712,7.191781,3.424658,3.424658
Voyant分析用最終版_0040,4.132231,4.132231,4.545455,4.132231,15.289256,4.132231,4.132231,4.132231,23.140496,4.132231,11.157025,4.132231,4.132231,4.132231,4.545455
Voyant分析用最終版_0041,3.311258,3.97351,2.207505,2.428256,2.207505,2.207505,2.207505,20.750552,2.207505,35.320088,5.298013,2.207505,2.207505,2.207505,11.258278
Voyant分析用最終版_0042,1.385042,1.385042,1.385042,3.462604,1.385042,1.385042,3.047091,11.357341,19.252078,48.476455,1.523546,1.800554,1.385042,1.385042,1.385042
Voyant分析用最終版_0043,1.620745,1.620745,1.620745,4.376013,6.969206,1.620745,12.965964,1.78282,50.89141,1.78282,5.186386,1.620745,3.56564,2.755267,1.620745
Voyant分析用最終版_0044,3.731343,4.477612,3.731343,3.731343,3.731343,3.731343,3.731343,3.731343,26.119402,12.313433,3.731343,3.731343,13.432837,6.343284,3.731343
Voyant分析用最終版_0045,2.770083,2.770083,2.770083,4.709141,21.052632,2.770083,2.770083,6.371191,2.770083,21.32964,2.770083,2.770083,2.770083,4.986149,16.620499
Voyant分析用最終版_0046,2.506266,2.506266,2.506266,2.506266,14.53634,2.506266,5.263158,2.506266,23.809524,23.558897,2.506266,7.518797,2.506266,2.756892,2.506266
Voyant分析用最終版_0047,6.837607,4.273504,4.273504,4.273504,7.264958,4.273504,4.273504,14.957266,12.393162,15.811966,4.273504,4.273504,4.273504,4.273504,4.273504
Voyant分析用最終版_0048,3.558719,3.558719,3.558719,3.558719,3.558719,3.558719,3.558719,10.676157,8.540925,26.334518,3.558719,3.558719,3.558719,6.049822,12.811388
Voyant分析用最終版_0049,0.869565,48.869565,2.608696,12.956522,0.869565,0.869565,0.869565,0.869565,7.391304,4.956522,1.217391,1.043478,0.869565,14.869565,0.869565
Voyant分析用最終版_0050,2.369668,9.241706,2.369668,4.739337,28.43602,2.369668,2.369668,7.345971,2.369668,26.540285,2.369668,2.369668,2.369668,2.369668,2.369668
Voyant分析用最終版_0051,4.861111,2.314815,2.314815,2.314815,2.314815,2.546296,2.314815,17.36111,13.88889,28.703704,9.027778,2.314815,5.092592,2.314815,2.314815
Voyant分析用最終版_0052,3.558719,3.558719,3.558719,7.117438,7.829182,3.558719,3.558719,3.558719,3.558719,22.7758,3.558719,3.558719,13.523132,11.032029,5.69395
Voyant分析用最終版_0053,4.081633,4.081633,4.081633,4.081633,22.040816,4.081633,6.530612,4.897959,4.081633,20.408164,4.081633,4.081633,5.306122,4.081633,4.081633
Voyant分析用最終版_0054,3.378378,3.378378,3.378378,3.378378,3.378378,3.378378,3.378378,3.378378,18.91892,11.486486,3.378378,3.378378,29.054055,3.378378,3.378378
Voyant分析用最終版_0055,3.610108,3.610108,3.610108,3.610108,3.610108,3.610108,3.610108,16.606498,4.693141,35.37906,3.610108,3.610108,3.610108,3.610108,3.610108
Voyant分析用最終版_0056,2.631579,2.894737,2.631579,2.631579,33.684212,2.631579,2.631579,8.421053,6.315789,21.578947,2.631579,2.631579,3.421053,2.631579,2.631579
Voyant分析用最終版_0057,4.132231,5.785124,4.132231,4.132231,7.438017,4.132231,4.132231,5.371901,11.983471,11.983471,12.809917,4.132231,11.570248,4.132231,4.132231
Voyant分析用最終版_0058,3.623188,3.623188,3.623188,3.623188,3.623188,3.623188,3.623188,5.434782,6.15942,31.88406,6.884058,3.623188,13.405797,3.623188,3.623188
Voyant分析用最終版_0059,2.26087,0.869565,0.869565,7.130435,52.6087,0.869565,0.869565,17.913043,0.869565,9.478261,0.869565,2.782609,0.869565,0.869565,0.869565
Voyant分析用最終版_0060,0.869565,50.69565,0.869565,10.782608,4.347826,1.043478,0.869565,4,3.73913,6.956521,0.869565,6.173913,0.869565,7.043478,0.869565
Voyant分析用最終版_0061,0.869565,4.173913,1.043478,0.869565,32.434782,0.869565,0.869565,22.26087,1.478261,24.347825,0.869565,0.869565,6.434783,0.869565,1.73913
Voyant分析用最終版_0062,4.166667,4.166667,4.166667,4.166667,20.833333,4.166667,4.166667,4.166667,4.166667,25,4.166667,4.166667,4.166667,4.166667,4.166667
Voyant分析用最終版_0063,2.074689,2.074689,2.074689,2.074689,3.112033,2.074689,2.074689,7.883818,52.489626,8.713693,6.846473,2.074689,2.282158,2.074689,2.074689
Voyant分析用最終版_0064,3.378378,4.391892,3.378378,3.378378,3.378378,3.378378,3.378378,3.378378,25.675675,11.824324,7.432432,3.378378,16.891892,3.378378,3.378378
Voyant分析用最終版_0065,4.635762,2.207505,2.207505,13.024282,2.649007,2.207505,5.739515,3.97351,10.596027,21.412803,6.181015,16.997792,3.752759,2.207505,2.207505
Voyant分析用最終版_0066,5.025126,5.025126,5.025126,5.025126,14.572865,6.030151,5.025126,5.025126,5.025126,14.070351,5.025126,5.025126,8.040201,6.030151,6.030151
Voyant分析用最終版_0067,1.24844,1.24844,1.24844,1.24844,11.235955,1.24844,1.24844,11.235955,34.082398,1.24844,21.098627,1.24844,8.364544,2.746567,1.24844
Voyant分析用最終版_0068,4.901961,6.372549,4.901961,4.901961,18.627451,4.901961,4.901961,4.901961,4.901961,10.784314,4.901961,4.901961,10.294118,4.901961,4.901961
Voyant分析用最終版_0069,1.790634,3.856749,1.37741,1.37741,2.203857,1.37741,1.37741,16.666667,2.754821,44.352618,4.820936,1.515152,1.37741,1.37741,13.774104
Voyant分析用最終版_0070,4.560261,3.257329,3.257329,3.257329,36.15635,3.257329,3.257329,3.257329,7.817589,15.635179,3.257329,3.257329,3.257329,3.257329,3.257329
Voyant分析用最終版_0071,4.21941,4.21941,4.21941,4.64135,4.21941,4.21941,4.21941,9.704641,16.033755,11.392405,4.21941,4.21941,16.033755,4.21941,4.21941
Voyant分析用最終版_0072,2.832861,4.249292,2.832861,2.832861,2.832861,2.832861,2.832861,6.51558,18.696883,4.815864,17.56374,2.832861,22.66289,2.832861,2.832861
Voyant分析用最終版_0073,1.019368,1.427115,1.019368,1.019368,6.218145,1.019368,1.019368,21.100917,10.601427,40.570846,8.053007,1.019368,1.019368,1.427115,3.465851
Voyant分析用最終版_0074,4.255319,4.255319,4.255319,4.255319,4.255319,4.255319,4.255319,4.255319,15.74468,16.595745,4.255319,4.255319,16.595745,4.255319,4.255319
Voyant分析用最終版_0075,1.367989,1.367989,1.367989,2.46238,1.504788,1.367989,29.95896,13.269494,31.463748,6.155951,1.367989,4.240766,1.367989,1.367989,1.367989
Voyant分析用最終版_0076,4.444445,4.444445,4.444445,4.444445,16.888888,4.444445,4.444445,4.444445,5.777778,15.555556,4.444445,4.444445,12.888889,4.444445,4.444445
Voyant分析用最終版_0077,3.344481,4.347826,3.344481,3.344481,3.344481,3.344481,3.344481,17.056856,4.013378,18.729097,10.033445,3.344481,3.344481,5.685619,13.377926
Voyant分析用最終版_0078,3.546099,5.319149,3.546099,3.546099,3.546099,3.546099,3.546099,6.737588,19.858156,20.921986,6.737588,3.546099,8.510638,3.546099,3.546099
Voyant分析用最終版_0079,0.869565,39.73913,0.869565,1.826087,0.956522,0.869565,0.869565,0.869565,0.869565,0.869565,0.869565,0.869565,0.869565,45.130435,3.652174
Voyant分析用最終版_0080,2.688172,2.688172,2.688172,2.688172,23.11828,2.688172,2.956989,13.440861,2.688172,28.225806,2.688172,2.688172,2.688172,2.688172,5.376344
Voyant分析用最終版_0081,3.10559,3.10559,3.416149,3.726708,13.354038,3.416149,6.521739,12.732919,3.10559,23.291926,3.10559,3.10559,11.490683,3.416149,3.10559
Voyant分析用最終版_0082,4.784689,4.784689,4.784689,4.784689,17.70335,4.784689,4.784689,7.177033,4.784689,17.224881,4.784689,4.784689,5.263158,4.784689,4.784689
Voyant分析用最終版_0083,3.10559,3.10559,4.037267,7.142857,3.10559,3.10559,3.10559,17.080745,9.006211,31.67702,3.10559,3.10559,3.10559,3.10559,3.10559
Voyant分析用最終版_0084,1.754386,2.280702,2.45614,12.631579,1.754386,1.754386,1.754386,7.368421,1.754386,4.736842,29.82456,8.421053,20,1.754386,1.754386
Voyant分析用最終版_0085,4.016064,4.016064,4.016064,4.016064,12.048193,4.016064,4.016064,4.016064,4.016064,24.899599,4.016064,4.016064,14.859438,4.016064,4.016064
Voyant分析用最終版_0086,3.984064,3.984064,3.984064,3.984064,3.984064,3.984064,3.984064,3.984064,21.513945,26.693228,3.984064,3.984064,3.984064,3.984064,3.984064
Voyant分析用最終版_0087,4.444445,4.444445,4.444445,4.444445,4.444445,4.444445,4.444445,8.888889,4.444445,17.777778,4.444445,4.444445,19.555555,4.444445,4.888889
Voyant分析用最終版_0088,3.745318,3.745318,3.745318,3.745318,3.745318,3.745318,3.745318,3.745318,10.486891,20.59925,4.11985,3.745318,23.595506,3.745318,3.745318
Voyant分析用最終版_0089,9.774436,3.759398,3.759398,3.759398,3.759398,3.759398,3.759398,3.759398,3.759398,36.842105,3.759398,3.759398,3.759398,4.135338,7.894737
Voyant分析用最終版_0090,4.694836,4.694836,4.694836,5.164319,11.267605,4.694836,4.694836,4.694836,4.694836,14.084508,4.694836,4.694836,6.103287,6.103287,15.023474
Voyant分析用最終版_0091,1.908397,6.870229,4.961832,4.770992,1.908397,1.908397,18.12977,2.290076,38.358778,5.534351,1.908397,1.908397,5.725191,1.908397,1.908397
Voyant分析用最終版_0092,1.996008,1.996008,1.996008,1.996008,44.510978,1.996008,1.996008,8.383234,3.393214,18.962076,1.996008,1.996008,4.790419,1.996008,1.996008
Voyant分析用最終版_0093,12.837838,4.391892,3.378378,3.378378,4.391892,4.391892,3.378378,11.824324,4.054054,27.702704,3.378378,3.378378,3.378378,3.378378,6.756756
Voyant分析用最終版_0094,4.784689,4.784689,4.784689,4.784689,8.61244,4.784689,4.784689,4.784689,21.5311,4.784689,4.784689,4.784689,4.784689,4.784689,12.440191
Voyant分析用最終版_0095,4.016064,4.016064,4.016064,4.016064,4.016064,4.016064,4.016064,4.016064,7.630522,30.120483,4.016064,4.016064,13.654618,4.41767,4.016064
Voyant分析用最終版_0096,3.508772,3.508772,3.508772,7.368421,3.508772,3.508772,3.508772,3.508772,14.035088,22.105263,3.508772,3.508772,17.894737,3.508772,3.508772
Voyant分析用最終版_0097,2.232143,5.803571,2.232143,6.919643,2.232143,2.232143,45.3125,3.125,7.366072,2.232143,2.901786,6.25,6.696428,2.232143,2.232143
Voyant分析用最終版_0098,4.032258,4.032258,4.032258,4.032258,4.435484,4.032258,4.435484,4.032258,4.032258,27.419356,4.032258,4.032258,14.919356,4.032258,8.467742
Voyant分析用最終版_0099,4.048583,4.048583,4.048583,4.048583,4.048583,4.048583,4.048583,4.048583,14.574899,20.242915,4.048583,4.048583,16.59919,4.048583,4.048583
Voyant分析用最終版_0100,3.154574,3.154574,3.154574,3.785489,3.154574,3.154574,3.154574,3.154574,7.570978,42.271292,6.624605,3.154574,8.201893,3.154574,3.154574
Voyant分析用最終版_0101,1.715266,38.250428,1.886793,13.03602,7.204117,1.715266,1.715266,1.715266,3.259005,13.722126,1.715266,5.145798,1.715266,2.744426,4.459691
Voyant分析用最終版_0102,4.115227,4.115227,4.115227,4.115227,12.757201,4.115227,4.115227,4.115227,4.115227,28.395063,4.115227,4.115227,7.81893,4.115227,5.761317
Voyant分析用最終版_0103,4.471545,4.065041,4.065041,4.065041,4.471545,4.065041,4.065041,4.065041,20.731707,17.886178,4.065041,4.065041,11.788618,4.065041,4.065041
Voyant分析用最終版_0104,1.935484,0.921659,1.198157,3.59447,2.764977,0.921659,0.921659,27.00461,0.921659,36.682028,5.529954,0.921659,0.921659,1.013825,14.746544
Voyant分析用最終版_0105,3.546099,3.546099,3.546099,3.546099,10.283688,3.546099,3.546099,3.546099,17.730497,23.758866,3.900709,3.546099,8.865248,3.546099,3.546099
Voyant分析用最終版_0106,1.081081,1.081081,2.054054,6.810811,1.081081,1.081081,1.081081,7.45946,60.324323,3.459459,6.486487,2.054054,3.783784,1.081081,1.081081
Voyant分析用最終版_0107,3.033268,3.131115,0.978474,29.549903,0.978474,0.978474,1.46771,15.459883,22.309197,5.577299,4.207436,7.338552,0.978474,1.076321,2.935421
Voyant分析用最終版_0108,1.315789,1.315789,1.315789,5,1.315789,1.315789,1.315789,32.23684,11.710526,32.76316,1.447368,1.315789,1.315789,1.842105,4.473684
Voyant分析用最終版_0109,4.895105,3.496503,3.496503,3.496503,3.496503,3.496503,3.496503,6.643356,11.888112,27.622378,6.993007,3.496503,10.489511,3.496503,3.496503
Voyant分析用最終版_0110,7.037037,3.703704,3.703704,3.703704,6.666667,3.703704,3.703704,11.481482,14.074074,12.592593,3.703704,3.703704,3.703704,3.703704,14.814815
Voyant分析用最終版_0111,3.424658,3.424658,3.424658,3.424658,17.80822,3.767123,3.424658,3.424658,3.424658,30.136988,3.424658,3.424658,10.616438,3.424658,3.424658
Voyant分析用最終版_0112,2.188184,11.159737,2.188184,2.188184,3.063457,2.844639,2.188184,8.09628,2.188184,28.66521,2.844639,3.063457,2.407002,13.129103,13.785557
Voyant分析用最終版_0113,0.869565,6,0.869565,4.608696,2.521739,0.869565,0.869565,9.304348,17.47826,4.347826,35.304347,1.304348,11.652174,2.086957,1.913044
Voyant分析用最終版_0114,5.494505,10.439561,5.494505,5.494505,5.494505,5.494505,5.494505,12.087912,5.494505,11.538462,5.494505,5.494505,5.494505,5.494505,5.494505
Voyant分析用最終版_0115,0.869565,51.13043,0.869565,9.913044,0.869565,0.956522,0.869565,0.869565,0.869565,0.869565,0.869565,0.869565,0.869565,26.434782,2.869565
Voyant分析用最終版_0116,1.119821,1.119821,1.119821,1.119821,27.771556,1.119821,1.119821,25.531915,1.119821,18.029115,1.119821,1.119821,2.015677,1.119821,15.453528
Voyant分析用最終版_0117,4.444445,4.444445,4.444445,4.444445,4.444445,4.444445,4.444445,4.444445,12.888889,13.777778,4.444445,4.444445,20,4.444445,4.444445
Voyant分析用最終版_0118,4.149378,4.149378,4.149378,4.149378,4.149378,4.149378,4.149378,9.128631,4.149378,24.896266,4.149378,4.149378,4.149378,4.564316,15.767635
Voyant分析用最終版_0119,1.805054,1.805054,1.805054,1.805054,6.6787,1.805054,1.805054,15.162455,39.711192,1.805054,3.249098,1.805054,1.98556,1.805054,16.96751
Voyant分析用最終版_0120,2.409639,2.409639,2.409639,2.409639,40,2.409639,2.409639,2.650602,3.855422,19.277108,2.409639,2.409639,10.120482,2.409639,2.409639
Voyant分析用最終版_0121,3.030303,3.030303,3.030303,3.636363,3.030303,3.030303,3.030303,3.030303,5.454546,23.030303,16.969697,3.030303,20.60606,3.030303,3.030303
Voyant分析用最終版_0122,3.825137,2.550091,1.821494,3.278688,45.71949,1.821494,2.003643,7.468124,1.821494,6.193078,3.278688,9.471767,1.821494,1.821494,7.103825
Voyant分析用最終版_0123,0.869565,5.304348,8.956522,3.043478,56.69565,1.217391,0.869565,1.043478,0.869565,9.130435,0.869565,1.913044,5.826087,0.869565,2.521739
Voyant分析用最終版_0124,3.401361,3.401361,3.401361,3.401361,34.013605,3.401361,3.401361,3.401361,3.401361,10.544217,3.401361,3.401361,14.62585,3.401361,3.401361
Voyant分析用最終版_0125,3.246753,3.246753,3.246753,3.246753,3.246753,3.246753,3.246753,8.116883,6.818182,23.701298,5.519481,3.246753,23.376623,3.246753,3.246753
Voyant分析用最終版_0126,2.890173,2.890173,2.890173,2.890173,28.901735,4.913295,4.046243,14.739884,9.537572,8.959538,2.890173,4.33526,4.33526,2.890173,2.890173
Voyant分析用最終版_0127,1.40647,19.268636,1.40647,19.690576,1.40647,1.40647,1.40647,1.40647,1.40647,9.142053,1.969058,1.40647,1.40647,29.957807,7.313643
Voyant分析用最終版_0128,8.914729,3.875969,3.875969,3.875969,7.364341,3.875969,3.875969,3.875969,3.875969,28.68217,3.875969,3.875969,11.627907,4.651163,3.875969
Voyant分析用最終版_0129,4.291845,4.291845,4.291845,4.291845,4.291845,4.291845,4.291845,4.291845,9.44206,18.025751,4.291845,4.291845,21.030043,4.291845,4.291845
Voyant分析用最終版_0130,3.859649,3.508772,3.508772,3.508772,3.508772,3.508772,3.508772,3.508772,12.631579,33.684212,3.508772,3.508772,11.22807,3.508772,3.508772
Voyant分析用最終版_0131,2.159827,2.159827,2.159827,3.239741,5.615551,2.159827,2.159827,6.479482,49.892008,2.159827,2.807775,2.159827,2.159827,2.159827,12.526998
Voyant分析用最終版_0132,3.033708,1.123595,1.123595,1.123595,5.05618,1.123595,1.123595,23.932584,20.449439,27.30337,6.516854,2.134831,1.123595,1.235955,3.595506
Voyant分析用最終版_0133,2.604167,2.604167,2.604167,2.604167,2.604167,6.25,2.604167,3.90625,55.46875,5.729167,2.604167,2.604167,2.604167,2.604167,2.604167
Voyant分析用最終版_0134,2.86533,2.86533,3.724928,2.86533,2.86533,2.86533,2.86533,2.86533,59.02579,2.86533,2.86533,2.86533,2.86533,2.86533,2.86533
Voyant分析用最終版_0135,2.923977,4.385965,2.923977,2.923977,3.508772,4.97076,2.923977,7.602339,46.783626,2.923977,3.216374,2.923977,6.140351,2.923977,2.923977
Voyant分析用最終版_0136,7.236842,1.809211,1.644737,1.973684,11.18421,1.644737,1.644737,24.177632,1.644737,5.921053,1.973684,1.644737,5.098684,1.644737,30.756578
Voyant分析用最終版_0137,1.114827,8.807135,1.560758,6.577481,2.675585,2.118172,1.114827,8.138239,1.449275,7.134894,32.329988,2.564103,16.38796,4.682274,3.344481
Voyant分析用最終版_0138,8.583691,3.862661,4.506438,2.145923,33.90558,2.145923,2.575107,7.725322,2.145923,21.67382,2.145923,2.145923,2.145923,2.145923,2.145923
Voyant分析用最終版_0139,2.659575,2.659575,2.659575,2.925532,2.659575,2.659575,2.659575,5.851064,59.30851,2.659575,2.659575,2.659575,2.659575,2.659575,2.659575
Voyant分析用最終版_0140,2.747253,2.747253,2.747253,3.021978,2.747253,2.747253,2.747253,9.065934,54.94506,2.747253,2.747253,2.747253,2.747253,2.747253,2.747253
Voyant分析用最終版_0141,4.255319,6.382979,4.255319,4.255319,4.255319,4.255319,4.255319,4.255319,22.553192,4.255319,4.255319,4.255319,20,4.255319,4.255319
Voyant分析用最終版_0142,2.544529,2.544529,2.544529,2.544529,5.343511,2.544529,2.544529,4.834606,59.28753,2.544529,2.544529,2.544529,2.544529,2.544529,2.544529
Voyant分析用最終版_0143,2.506266,2.506266,2.506266,3.258145,2.506266,2.506266,2.506266,8.77193,53.13283,2.506266,7.26817,2.506266,2.506266,2.506266,2.506266
Voyant分析用最終版_0144,2.463054,2.463054,2.463054,2.463054,2.463054,2.463054,2.463054,3.694581,46.059114,2.463054,17.24138,2.463054,5.91133,2.463054,2.463054
Voyant分析用最終版_0145,2.624672,2.624672,5.249344,2.624672,3.937008,2.624672,2.624672,2.624672,55.380577,2.624672,2.624672,3.937008,2.624672,2.624672,5.249344
Voyant分析用最終版_0146,2.777778,5,2.777778,19.444445,21.388888,2.777778,2.777778,2.777778,8.055556,5,2.777778,16.111112,2.777778,2.777778,2.777778
Voyant分析用最終版_0147,4.366812,4.366812,4.366812,4.366812,4.366812,4.366812,4.366812,4.366812,21.39738,12.227074,4.366812,4.366812,13.9738,4.366812,4.366812
Voyant分析用最終版_0148,1.913044,0.869565,0.869565,1.217391,42.956522,0.869565,0.869565,16.956522,16.26087,12.173913,0.869565,0.869565,0.869565,0.869565,1.565217
Voyant分析用最終版_0149,3.289474,5.921053,3.289474,3.289474,23.684211,3.618421,3.618421,3.289474,3.289474,24.013157,3.289474,3.289474,9.539474,3.289474,3.289474
Voyant分析用最終版_0150,3.163017,2.43309,2.43309,2.43309,3.163017,2.43309,2.43309,18.004866,15.571776,28.710464,4.136253,2.43309,2.43309,2.43309,7.785888
Voyant分析用最終版_0151,3.937008,3.937008,3.937008,3.937008,3.937008,3.937008,3.937008,3.937008,23.228346,14.173229,4.330709,3.937008,14.96063,3.937008,3.937008
Voyant分析用最終版_0152,3.472222,3.472222,3.472222,3.472222,5.902778,3.472222,3.472222,3.472222,19.791667,10.763889,3.472222,3.472222,19.791667,9.027778,3.472222
Voyant分析用最終版_0153,0.869565,37.73913,0.869565,4.086956,0.869565,0.869565,0.869565,0.869565,0.869565,0.869565,0.869565,0.869565,0.869565,47.043478,1.565217
Voyant分析用最終版_0154,2.666667,2.666667,2.666667,7.2,7.733333,2.666667,2.666667,14.666666,6.4,34.4,4.533333,3.2,2.666667,2.666667,3.2
Voyant分析用最終版_0155,3.802281,3.802281,3.802281,3.802281,18.631178,3.802281,3.802281,3.802281,11.787073,20.152092,3.802281,3.802281,7.604563,3.802281,3.802281
Voyant分析用最終版_0156,4.484305,4.484305,4.932736,4.484305,4.484305,4.484305,4.484305,4.484305,4.484305,25.112107,4.484305,4.484305,16.143498,4.484305,4.484305
Voyant分析用最終版_0157,3.492647,1.838235,1.838235,1.838235,6.066176,1.838235,1.838235,25.183824,5.698529,38.97059,2.573529,1.838235,2.022059,1.838235,3.125
Voyant分析用最終版_0158,0.869565,0.869565,0.869565,2.782609,8.521739,1.043478,0.869565,59.04348,0.869565,19.913043,0.869565,0.869565,0.869565,0.869565,0.869565
Voyant分析用最終版_0159,0.869565,39.913043,0.869565,9.304348,0.869565,0.869565,0.956522,1.826087,5.043478,5.391304,19.217391,0.869565,1.217391,11.913043,0.869565
Voyant分析用最終版_0160,4.609929,3.546099,3.546099,3.546099,28.014183,3.900709,3.546099,3.546099,3.546099,13.475177,3.546099,7.446808,10.638298,3.546099,3.546099
Voyant分析用最終版_0161,0.971817,2.915452,1.068999,5.928085,6.025267,0.971817,0.971817,13.799806,7.385811,15.354714,25.461614,2.721088,13.022351,2.429543,0.971817
Voyant分析用最終版_0162,0.869565,62.608695,0.869565,9.130435,0.869565,0.869565,1.73913,0.869565,0.869565,3.304348,2.347826,0.956522,0.869565,12.956522,0.869565
Voyant分析用最終版_0163,1.579779,1.579779,1.579779,1.579779,1.579779,1.579779,1.579779,7.740916,60.03159,7.898894,3.317536,3.00158,3.791469,1.579779,1.579779
Voyant分析用最終版_0164,0.869565,8.173913,0.869565,20.086956,2.956522,0.869565,17.652173,5.913043,15.478261,2.695652,0.869565,20.956522,0.869565,0.869565,0.869565
Voyant分析用最終版_0165,2.192982,2.192982,4.166667,6.798246,2.192982,2.192982,6.140351,3.289474,7.894737,33.77193,10.307018,8.991228,2.192982,2.192982,5.482456
Voyant分析用最終版_0166,7.901908,2.724796,2.724796,2.724796,16.076294,2.724796,2.724796,11.989101,2.997275,27.520436,2.724796,6.26703,2.724796,2.724796,5.449591
Voyant分析用最終版_0167,3.816794,3.816794,3.816794,4.580153,22.900763,4.580153,3.816794,3.816794,3.816794,25.19084,3.816794,4.580153,3.816794,3.816794,3.816794
Voyant分析用最終版_0168,3.322259,3.322259,3.322259,3.322259,42.524916,3.322259,3.322259,3.322259,3.322259,12.292359,3.322259,3.322259,5.315615,3.322259,3.322259
Voyant分析用最終版_0169,3.289474,3.289474,3.289474,5.263158,17.105263,3.289474,3.289474,10.197368,4.276316,20.394737,3.289474,3.289474,3.289474,3.289474,13.157895
Voyant分析用最終版_0170,3.533569,4.946997,3.533569,8.480565,3.533569,3.533569,3.533569,3.533569,3.533569,27.561837,3.533569,3.533569,3.533569,9.187279,14.487633
Voyant分析用最終版_0171,2.977668,2.48139,2.48139,2.48139,2.48139,2.48139,2.48139,2.48139,22.828785,3.225806,24.069479,5.210918,16.873449,4.962779,2.48139
Voyant分析用最終版_0172,3.90625,4.296875,3.90625,3.90625,9.375,3.90625,3.90625,3.90625,3.90625,26.953125,3.90625,3.90625,3.90625,5.46875,14.84375
Voyant分析用最終版_0173,1.834862,1.834862,3.486238,3.669725,17.247707,1.834862,1.834862,36.14679,17.614679,2.201835,1.834862,1.834862,1.834862,1.834862,4.954128
Voyant分析用最終版_0174,2.695418,2.695418,3.234501,5.660377,2.695418,3.234501,2.695418,33.42318,11.320755,13.207547,2.695418,2.695418,2.964959,2.695418,8.086254
Voyant分析用最終版_0175,3.436426,9.27835,3.436426,3.436426,3.436426,3.780069,3.436426,33.333334,3.436426,14.432989,3.436426,3.436426,3.436426,3.436426,4.810997
Voyant分析用最終版_0176,5.308057,3.696682,0.947867,2.085308,4.64455,0.947867,0.947867,48.909953,10.42654,14.50237,0.947867,0.947867,0.947867,0.947867,3.791469
Voyant分析用最終版_0177,0.869565,0.869565,1.217391,3.826087,10.173913,0.869565,0.869565,56.43478,3.391304,11.565217,0.869565,0.869565,0.869565,1.043478,6.26087
Voyant分析用最終版_0178,0.869565,7.826087,0.869565,39.391303,0.869565,0.869565,0.869565,13.913043,2.869565,3.130435,2.173913,0.956522,0.869565,21.043478,3.478261
Voyant分析用最終版_0179,3.984064,10.358566,3.984064,12.350598,24.30279,3.984064,3.984064,3.984064,5.976096,7.171315,3.984064,3.984064,3.984064,3.984064,3.984064
Voyant分析用最終版_0180,5.357143,9.285715,3.571429,17.857143,6.785715,3.571429,3.571429,4.642857,4.642857,3.928572,3.928572,3.571429,4.285714,13.214286,11.785714
Voyant分析用最終版_0181,1.24844,2.746567,1.24844,1.24844,1.997503,1.24844,1.373283,22.47191,8.739076,31.33583,16.729088,1.24844,5.867665,1.24844,1.24844
Voyant分析用最終版_0182,2.123142,2.123142,2.123142,2.123142,2.123142,2.335456,2.123142,6.157112,56.6879,9.129512,4.03397,2.123142,2.123142,2.123142,2.547771
Voyant分析用最終版_0183,2.336449,2.336449,2.336449,2.336449,2.336449,2.336449,2.336449,5.841121,51.16823,8.64486,2.336449,2.336449,8.17757,2.803738,2.336449
Voyant分析用最終版_0184,5.826087,46.521738,0.869565,4.521739,0.869565,0.869565,0.869565,0.869565,0.869565,7.565218,0.869565,6.869565,0.869565,20.869565,0.869565
Voyant分析用最終版_0185,2.434783,6.347826,0.869565,9.478261,24.347825,0.869565,2.086957,3.826087,13.826087,1.565217,0.869565,30.869564,0.869565,0.869565,0.869565
Voyant分析用最終版_0186,1.140351,0.877193,0.877193,5,28.421053,0.964912,0.877193,24.473684,11.31579,20.438597,0.877193,2.017544,0.877193,0.877193,0.964912
Voyant分析用最終版_0187,3.816794,3.816794,3.816794,4.580153,3.816794,3.816794,3.816794,3.816794,12.9771,29.77099,4.198473,3.816794,10.305344,3.816794,3.816794
Voyant分析用最終版_0188,1.74216,1.74216,1.74216,4.703833,1.916376,1.74216,1.74216,1.74216,50.52265,9.756097,12.891985,1.74216,1.74216,4.529617,1.74216
Voyant分析用最終版_0189,2.557545,3.580563,2.557545,3.836317,2.557545,2.557545,2.557545,2.557545,2.557545,36.317137,2.557545,2.557545,13.043478,4.092072,16.112532
Voyant分析用最終版_0190,2.298851,2.298851,2.298851,2.298851,2.298851,2.298851,2.298851,16.781609,25.287357,21.839081,2.298851,2.298851,10.574713,2.298851,2.528736
Voyant分析用最終版_0191,8.590309,2.422908,3.303965,10.352423,2.202643,2.202643,9.911894,2.202643,7.268722,2.202643,4.405286,37.665197,2.202643,2.863436,2.202643
Voyant分析用最終版_0192,3.787879,8.712121,3.787879,3.787879,6.060606,3.787879,3.787879,11.742424,3.787879,15.90909,3.787879,3.787879,3.787879,7.954545,15.530303
Voyant分析用最終版_0193,0.869565,8.695652,3.913043,0.869565,52.26087,0.869565,0.869565,7.565218,5.304348,8.608696,0.869565,3.043478,4.521739,0.869565,0.869565
Voyant分析用最終版_0194,3.184713,3.184713,3.184713,3.184713,11.464968,3.184713,3.184713,3.184713,3.184713,24.522293,14.012739,9.872612,8.280255,3.184713,3.184713
Voyant分析用最終版_0195,2.277904,3.644647,2.277904,2.277904,8.428246,2.277904,2.277904,15.94533,11.617312,37.585422,2.277904,2.277904,2.277904,2.277904,2.277904
Voyant分析用最終版_0196,2.590674,2.590674,2.590674,2.590674,2.590674,2.590674,2.590674,6.476684,47.15026,14.766839,2.849741,2.590674,2.590674,2.849741,2.590674
Voyant分析用最終版_0197,1.97664,0.898473,0.898473,8.625337,0.898473,0.898473,0.898473,8.176101,5.390836,21.473496,10.961366,3.054807,0.98832,24.707997,10.15274
Voyant分析用最終版_0198,2.631579,2.631579,2.631579,2.631579,2.631579,2.631579,3.947368,2.631579,20.263158,27.631578,2.631579,2.631579,18.68421,3.157895,2.631579
Voyant分析用最終版_0199,2.364066,8.747045,2.364066,2.364066,2.364066,2.364066,2.364066,2.364066,2.364066,37.588653,8.983452,2.364066,6.146572,9.219858,8.037825
Voyant分析用最終版_0200,2.650602,10.120482,2.409639,26.746988,2.409639,2.409639,2.409639,4.096386,2.409639,29.39759,2.650602,3.373494,2.409639,2.409639,4.096386
Voyant分析用最終版_0201,1.831502,3.479854,1.831502,4.395605,1.831502,1.831502,1.831502,24.175824,7.509158,16.117217,20.879121,1.831502,7.692308,2.747253,2.014652
Voyant分析用最終版_0202,0.869565,38.52174,0.869565,19.130434,0.869565,1.043478,0.869565,0.869565,4.608696,21.565217,0.869565,3.652174,0.869565,4.521739,0.869565
Voyant分析用最終版_0203,5.304348,8.260869,0.869565,5.304348,24.782608,0.869565,0.869565,0.869565,0.869565,0.869565,1.478261,47.043478,0.869565,0.869565,0.869565
Voyant分析用最終版_0204,2.5,2.5,2.5,13.5,16,2.5,2.5,9.5,6.25,29.25,2.5,2.75,2.5,2.75,2.5
Voyant分析用最終版_0205,2.348337,1.956947,1.956947,3.7182,1.956947,1.956947,1.956947,13.894325,9.001957,32.093933,4.500978,1.956947,12.328767,1.956947,8.414873
Voyant分析用最終版_0206,2.09205,2.09205,2.09205,6.276151,2.09205,2.09205,2.09205,15.481171,3.34728,41.004184,10.878661,2.09205,2.09205,2.09205,4.1841
Voyant分析用最終版_0207,3.636363,3.636363,3.636363,3.636363,10.181818,3.636363,3.636363,14.545454,6.909091,26.909092,3.636363,3.636363,5.090909,3.636363,3.636363
Voyant分析用最終版_0208,2.487562,2.487562,2.487562,2.487562,2.487562,2.487562,2.487562,3.980099,60.44776,2.487562,5.721393,2.487562,2.487562,2.487562,2.487562
Voyant分析用最終版_0209,12.380952,3.809524,3.174603,3.174603,3.174603,3.174603,3.174603,18.095239,3.174603,24.761905,5.714286,3.174603,6.666667,3.174603,3.174603
Voyant分析用最終版_0210,1.926782,12.138728,1.926782,2.697495,7.321773,2.312139,1.926782,7.514451,1.926782,33.71869,1.926782,1.926782,2.11946,5.780347,14.836223
Voyant分析用最終版_0211,3.401361,3.401361,3.401361,3.401361,3.401361,3.401361,3.401361,3.401361,17.006803,24.829932,3.401361,3.401361,17.34694,3.401361,3.401361
Voyant分析用最終版_0212,1.447178,1.447178,1.591896,14.182344,9.696093,1.447178,1.447178,7.380608,38.06078,8.393633,1.447178,9.117221,1.447178,1.447178,1.447178
Voyant分析用最終版_0213,1.915709,1.915709,1.915709,1.915709,2.490421,1.915709,1.915709,10.72797,38.122606,1.915709,25.095785,1.915709,4.40613,1.915709,1.915709
Voyant分析用最終版_0214,3.205128,3.205128,3.525641,23.076923,5.448718,3.205128,3.205128,7.371795,4.166667,25.96154,4.807692,3.205128,3.205128,3.205128,3.205128
Voyant分析用最終版_0215,4.62754,1.580135,1.128668,4.853273,1.128668,1.128668,1.128668,10.722347,4.853273,26.410836,11.851016,1.128668,1.580135,20.20316,7.674944
Voyant分析用最終版_0216,3.636363,3.636363,3.636363,16.727273,3.636363,3.636363,3.636363,7.272727,3.636363,32.363635,3.636363,3.636363,3.636363,3.636363,3.636363
Voyant分析用最終版_0217,5.928854,3.952569,3.952569,7.114624,3.952569,3.952569,3.952569,15.41502,17.786561,3.952569,7.114624,3.952569,9.486166,3.952569,5.533597
Voyant分析用最終版_0218,3.257329,3.908795,3.257329,3.257329,3.257329,3.257329,3.257329,8.469056,5.863192,34.85342,3.257329,3.257329,3.257329,6.840391,10.749186
Voyant分析用最終版_0219,2.086957,0.869565,0.869565,6.869565,0.869565,0.869565,0.869565,57.391304,5.130435,15.130435,3.652174,2.521739,0.869565,0.869565,1.130435
Voyant分析用最終版_0220,0.869565,28.52174,0.869565,37.913042,0.869565,0.869565,1.130435,6.608696,5.73913,10,0.869565,3.130435,0.869565,0.869565,0.869565
Voyant分析用最終版_0221,0.8726,0.8726,0.8726,0.8726,0.8726,0.8726,0.8726,16.753927,42.059338,24.25829,7.329843,0.8726,0.8726,0.8726,0.8726
Voyant分析用最終版_0222,1.133787,1.133787,1.133787,1.133787,1.133787,1.133787,1.133787,29.024944,26.64399,21.995465,9.863946,1.133787,1.133787,1.133787,1.133787
Voyant分析用最終版_0223,0.869565,57.56522,0.869565,17.130435,1.043478,0.869565,0.869565,0.869565,0.869565,4.608696,0.869565,3.304348,0.956522,8.434783,0.869565
Voyant分析用最終版_0224,1.565217,16.173913,2.347826,18.52174,0.869565,0.869565,0.869565,14,12.347826,14,0.869565,3.130435,1.304348,10.782608,2.347826
Voyant分析用最終版_0225,1.862197,1.862197,5.214153,5.027933,31.843576,1.862197,1.862197,12.849163,16.759777,3.538175,1.862197,9.310987,1.862197,1.862197,2.420857
Voyant分析用最終版_0226,3.134796,5.329154,3.448276,12.852664,3.134796,3.134796,3.134796,3.134796,8.777429,10.344828,3.134796,3.134796,3.134796,22.570533,11.598746
Voyant分析用最終版_0227,0.869565,1.043478,0.869565,0.869565,0.869565,0.869565,0.869565,12.347826,42.173913,9.130435,22.956522,0.869565,2,3.391304,0.869565
Voyant分析用最終版_0228,18.623482,2.024291,14.574899,2.024291,7.08502,2.024291,2.024291,4.65587,2.024291,2.024291,9.109312,2.226721,2.226721,18.218623,11.133603
Voyant分析用最終版_0229,3.846154,2.024291,16.59919,4.251012,33.60324,2.024291,2.226721,10.728745,6.680162,5.465587,2.631579,2.024291,2.024291,3.238866,2.631579
Voyant分析用最終版_0230,30.093208,1.331558,1.997337,1.464714,1.331558,1.331558,3.861518,15.712383,11.185086,7.989348,7.989348,4.527297,3.861518,1.331558,5.992011
Voyant分析用最終版_0231,0.869565,34.347826,0.869565,24.173912,10.608695,0.869565,2.608696,0.869565,0.869565,11.913043,0.869565,7.478261,0.869565,1.826087,0.956522
Voyant分析用最終版_0232,5.700713,2.850356,2.375297,2.375297,35.866985,2.375297,2.375297,2.375297,4.750594,25.178146,2.375297,4.275534,2.375297,2.375297,2.375297
Voyant分析用最終版_0233,1.324503,1.324503,1.324503,1.324503,1.324503,1.324503,2.251656,5.562914,47.284767,10.331126,8.874172,5.430464,7.94702,1.456954,2.913907
Voyant分析用最終版_0234,2.159827,6.479482,2.159827,2.591793,31.101513,2.159827,2.159827,3.023758,9.071274,21.166307,2.159827,9.287257,2.159827,2.159827,2.159827
Voyant分析用最終版_0235,1.528662,2.929936,1.273885,13.12102,1.273885,1.273885,1.273885,25.350317,20.254777,20.636943,1.273885,5.987261,1.273885,1.273885,1.273885
Voyant分析用最終版_0236,2.347826,19.478261,0.869565,41.043478,0.869565,0.869565,0.869565,6.695652,4.782608,14.086956,0.869565,0.869565,0.869565,1.565217,3.913043
Voyant分析用最終版_0237,0.869565,34.434783,0.869565,17.73913,0.869565,1.652174,0.869565,0.956522,8.347827,21.130435,4.782608,4.869565,0.869565,0.869565,0.869565
Voyant分析用最終版_0238,4.347826,4.782608,4.347826,4.347826,4.782608,4.347826,8.695652,9.130435,4.347826,28.26087,4.347826,4.347826,5.217391,4.347826,4.347826
Voyant分析用最終版_0239,3.496503,3.496503,3.496503,11.888112,13.286713,3.496503,3.496503,3.496503,3.496503,24.475524,3.496503,3.496503,9.090909,6.293707,3.496503
Voyant分析用最終版_0240,1.061571,1.061571,1.061571,1.380042,1.061571,1.061571,1.061571,19.639066,10.403397,19.745223,38.21656,1.061571,1.061571,1.061571,1.061571
Voyant分析用最終版_0241,0.869565,1.217391,0.869565,0.869565,0.869565,0.869565,0.869565,15.739131,24.782608,22.521739,27.04348,0.869565,0.869565,0.869565,0.869565
Voyant分析用最終版_0242,0.869565,32.347825,1.913044,3.478261,1.043478,0.869565,0.869565,2.347826,2.173913,2.26087,0.869565,0.869565,0.869565,48.347825,0.869565
Voyant分析用最終版_0243,3.242321,1.706485,1.706485,1.877133,1.706485,1.706485,1.706485,2.389079,41.29693,21.501707,11.945392,1.706485,1.877133,3.924915,1.706485
Voyant分析用最終版_0244,2.258727,13.7577,2.053388,9.856263,2.053388,2.053388,28.131416,12.11499,11.088296,3.285421,2.053388,5.13347,2.053388,2.053388,2.053388
Voyant分析用最終版_0245,4.065041,4.065041,4.065041,13.821138,4.065041,4.065041,4.065041,8.536585,4.065041,26.01626,6.097561,4.065041,4.065041,4.878049,4.065041
Voyant分析用最終版_0246,2.824859,2.824859,3.672316,2.824859,8.192091,2.824859,2.824859,3.672316,2.824859,44.63277,3.672316,2.824859,2.824859,2.824859,10.734463
Voyant分析用最終版_0247,3.571429,3.571429,3.571429,3.571429,3.571429,3.571429,3.571429,12.5,20,17.142858,11.071429,3.571429,3.571429,3.571429,3.571429
Voyant分析用最終版_0248,3.267974,3.594771,3.267974,7.189543,4.575163,3.267974,3.267974,10.130719,3.267974,34.96732,3.267974,3.267974,3.267974,3.267974,10.130719
Voyant分析用最終版_0249,3.816794,3.816794,4.198473,3.816794,3.816794,4.961832,3.816794,6.10687,10.687023,17.557251,3.816794,16.793893,9.160306,3.816794,3.816794
Voyant分析用最終版_0250,8.695652,4.347826,5.217391,4.347826,6.086956,4.782608,6.086956,6.956521,16.521738,4.347826,4.347826,4.782608,7.826087,4.347826,11.304348
Voyant分析用最終版_0251,3.30033,3.30033,3.30033,3.30033,3.30033,3.30033,3.30033,9.240924,3.30033,41.584158,3.30033,3.30033,6.60066,3.30033,6.270627
Voyant分析用最終版_0252,3.610108,1.805054,1.805054,1.805054,1.805054,3.429603,13.537906,11.371841,8.844765,40.252706,1.805054,3.249098,1.805054,1.805054,3.068592
Voyant分析用最終版_0253,0.869565,0.869565,0.869565,2.173913,0.869565,0.869565,0.869565,20.521739,41.217393,16.695653,10.695652,0.869565,0.869565,0.869565,0.869565
Voyant分析用最終版_0254,1.142857,1.142857,1.142857,4.114286,1.142857,1.142857,1.142857,32.22857,25.142857,17.485714,9.028571,1.142857,1.142857,1.142857,1.714286
Voyant分析用最終版_0255,6.015038,1.879699,3.195489,1.879699,1.879699,3.195489,1.879699,22.74436,1.879699,15.225564,23.308271,1.879699,9.586466,1.879699,3.571429
Voyant分析用最終版_0256,4.868154,2.028398,4.868154,2.434077,2.028398,3.245436,2.028398,13.793103,17.64706,11.156187,5.679513,3.651116,21.703854,2.839757,2.028398
Voyant分析用最終版_0257,4.83871,3.456221,2.534562,2.764977,2.304148,2.304148,2.304148,10.599078,2.304148,20.276497,11.290322,5.069124,16.820276,5.069124,8.064516
